0.683076666757 9032 13107 0.572319248223 2447 3277
0.445844525814 10556 13107 0.707425944629 2445 3277
0.394159742337 10914 13107 0.675042565718 2538 3277
0.354727967898 11225 13107 0.560118740243 2649 3277
0.331024681752 11316 13107 0.567148956073 2698 3277
0.31310232895 11458 13107 0.614364163223 2680 3277
0.297657391981 11598 13107 0.460422231541 2779 3277
0.260155368211 11855 13107 0.946608366672 2518 3277
0.251963556396 11874 13107 0.385742056038 2865 3277
0.23633205372 11975 13107 0.500492819356 2832 3277
0.247297029209 11918 13107 0.250209090672 2985 3277
0.225909885148 12096 13107 0.379134683272 2916 3277
0.235540213806 12023 13107 0.287557957191 2946 3277
0.2469465084 12048 13107 0.481656302097 2841 3277
0.246232765872 12029 13107 0.361206727591 2932 3277
0.249515676778 12035 13107 0.400772816124 2925 3277

0
=====================>

1.38212568821 3728 13107 1.37762141028 946 3277
1.37757296562 3728 13107 1.37660308291 946 3277
1.37697091443 3728 13107 1.37656092196 946 3277
1.37688605611 3728 13107 1.3765914303 946 3277
1.37687200944 3728 13107 1.37661020782 946 3277
1.37686887442 3728 13107 1.37661885499 946 3277
1.37686787832 3728 13107 1.37662241857 946 3277

=====================>

1.06611768734 6298 13107 0.894449939574 1958 3277
0.5551327127 9901 13107 0.685026441234 2279 3277
0.461325310487 10453 13107 0.586031178274 2462 3277
0.408157289575 10766 13107 0.605734043005 2484 3277
0.370000678904 11030 13107 0.538000761728 2582 3277
0.347257351605 11199 13107 0.603209471754 2494 3277
0.327909994937 11285 13107 0.438263303277 2714 3277
0.306358283422 11392 13107 1.22962817329 2347 3277
0.296775419773 11453 13107 0.848208402995 2508 3277
0.282389621033 11524 13107 0.439254854526 2747 3277
0.274570608431 11538 13107 0.534397815314 2687 3277
0.27471146097 11585 13107 0.403235919635 2775 3277
0.255592329017 11697 13107 0.606714938135 2621 3277
0.252028928559 11723 13107 0.385390394956 2800 3277
0.244368150866 11749 13107 0.395003315988 2786 3277
0.234498429306 11794 13107 0.402795114687 2777 3277
0.233976786291 11816 13107 0.381721263207 2829 3277
0.230026203156 11842 13107 0.375026243245 2830 3277
0.226171526217 11917 13107 0.430218643463 2804 3277
0.220183207702 11907 13107 0.331366275667 2882 3277
0.221098874304 11886 13107 0.358511964528 2872 3277
0.20898731892 12024 13107 0.724271066789 2706 3277
0.207754364016 11997 13107 0.372359368472 2853 3277
0.20994586906 11996 13107 0.453743383946 2811 3277
0.201014571457 11998 13107 0.327436276985 2918 3277
0.205490625682 12037 13107 0.317787428557 2914 3277
0.198405641847 12072 13107 0.323068184463 2899 3277
0.198788529643 12045 13107 0.398900278515 2850 3277
0.196022811333 12039 13107 0.313481751523 2914 3277
0.189661696761 12110 13107 0.307923197826 2914 3277
0.200315437726 12070 13107 0.529656254191 2821 3277
0.184913554541 12139 13107 0.347161403997 2891 3277
0.181784933923 12179 13107 0.31217971652 2928 3277
0.17748330945 12196 13107 0.375655818488 2883 3277
0.181919923643 12140 13107 0.503705905654 2802 3277
0.176060991865 12177 13107 0.379302384713 2902 3277


==========>
0

0.665038814667 9117 13107 0.618666915412 2405 3277
0.410418646374 10782 13107 0.639100598302 2458 3277
/Users/huihui/Documents/master/school/assignment 1/q2_a.py:99: RuntimeWarning: divide by zero encountered in log
  return -np.dot(y, np.transpose(np.log(softmax)))
0.353470446087 11176 13107 nan 2584 3277
nan 11353 13107 nan 2635 3277
nan 11524 13107 nan 2698 3277


======================>

0.662405498273 9194 13107 0.594320990842 2447 3277
0.405170270179 10832 13107 0.501896131351 2607 3277
0.336519131625 11289 13107 0.421606868612 2732 3277
0.298433549804 11494 13107 0.547725649019 2676 3277
0.267513451407 11724 13107 0.420597093221 2815 3277
0.241871780493 11859 13107 0.478419515908 2801 3277
0.230127161218 11918 13107 0.617759502026 2713 3277
0.214795918768 12018 13107 0.346784377312 2873 3277
0.206487946135 12037 13107 0.665049204841 2716 3277
0.17172569709 12244 13107 0.307063883305 2923 3277
0.149327644945 12363 13107 0.288669849027 2958 3277
0.144753381557 12405 13107 0.429661956978 2864 3277
0.128002041729 12481 13107 0.278353824353 2964 3277
0.119186307309 12501 13107 0.26426278235 3004 3277
0.118862240532 12532 13107 0.450485481916 2868 3277
0.114761515631 12555 13107 0.548655006459 2841 3277
0.109455805737 12611 13107 0.198856212861 3077 3277
0.0945764875798 12691 13107 0.175949529513 3088 3277
0.0746777861785 12735 13107 0.179165223044 3091 3277
0.0775914228966 12729 13107 0.209766911348 3085 3277
0.0795335232858 12755 13107 0.205772671933 3055 3277
0.0593280297075 12841 13107 0.122763493447 3141 3277
0.0614665188074 12821 13107 0.117928540626 3151 3277
0.0691604235453 12791 13107 0.0978198963476 3166 3277
0.0497220223109 12885 13107 0.0936460996003 3174 3277
0.05201877409 12876 13107 0.0719947462311 3193 3277
0.0507952774893 12877 13107 0.144561815887 3155 3277
0.0521851259742 12878 13107 0.109528768119 3168 3277
0.0480952250928 12904 13107 0.0880449198478 3181 3277
0.0383829362746 12935 13107 0.0777335250952 3193 3277
0.0452960877635 12925 13107 0.187758284084 3090 3277
0.0484675492253 12907 13107 0.097681899341 3180 3277
0.0625567656662 12857 13107 0.160022221627 3125 3277
0.0463059747817 12885 13107 0.0580915401673 3210 3277
0.0408450200382 12943 13107 0.308947522341 3043 3277
0.0676427667457 12824 13107 0.140536197004 3156 3277
0.0382788945971 12947 13107 0.0928626094342 3187 3277
0.0358682640045 12964 13107 0.0604063438601 3211 3277
0.0125726007888 13054 13107 0.0350973991738 3242 3277
0.0140190813202 13048 13107 0.103799993004 3176 3277
0.0434956989219 12949 13107 0.0604049620031 3219 3277
0.0387170936328 12947 13107 0.242076962714 3090 3277
0.0394222352049 12941 13107 0.0738290607487 3214 3277
0.0692076280571 12859 13107 0.185352212153 3153 3277
0.0521121837708 12909 13107 0.0957813720975 3195 3277
0.0556788477444 12901 13107 0.103198930703 3195 3277
0.0591368949901 12888 13107 0.0699305656899 3199 3277
0.0275432929162 13013 13107 0.0319567926436 3241 3277
0.0189700464208 13035 13107 0.0372755337117 3237 3277
0.0268093328594 13005 13107 0.0811058062034 3201 3277
0.0406505685416 12968 13107 0.152079348386 3180 3277