0.683076666757 9032 13107 0.572319248223 2447 3277
0.445844525814 10556 13107 0.707425944629 2445 3277
0.394159742337 10914 13107 0.675042565718 2538 3277
0.354727967898 11225 13107 0.560118740243 2649 3277
0.331024681752 11316 13107 0.567148956073 2698 3277
0.31310232895 11458 13107 0.614364163223 2680 3277
0.297657391981 11598 13107 0.460422231541 2779 3277
0.260155368211 11855 13107 0.946608366672 2518 3277
0.251963556396 11874 13107 0.385742056038 2865 3277
0.23633205372 11975 13107 0.500492819356 2832 3277
0.247297029209 11918 13107 0.250209090672 2985 3277
0.225909885148 12096 13107 0.379134683272 2916 3277
0.235540213806 12023 13107 0.287557957191 2946 3277
0.2469465084 12048 13107 0.481656302097 2841 3277
0.246232765872 12029 13107 0.361206727591 2932 3277
0.249515676778 12035 13107 0.400772816124 2925 3277

0
=====================>



=====================>
1.06611768734 6298 13107 0.894449939574 1958 3277
0.5551327127 9901 13107 0.685026441234 2279 3277
0.461325310487 10453 13107 0.586031178274 2462 3277
0.408157289575 10766 13107 0.605734043005 2484 3277
0.370000678904 11030 13107 0.538000761728 2582 3277
0.347257351605 11199 13107 0.603209471754 2494 3277
0.327909994937 11285 13107 0.438263303277 2714 3277
0.306358283422 11392 13107 1.22962817329 2347 3277
0.296775419773 11453 13107 0.848208402995 2508 3277
0.282389621033 11524 13107 0.439254854526 2747 3277
0.274570608431 11538 13107 0.534397815314 2687 3277
0.27471146097 11585 13107 0.403235919635 2775 3277
0.255592329017 11697 13107 0.606714938135 2621 3277
0.252028928559 11723 13107 0.385390394956 2800 3277
0.244368150866 11749 13107 0.395003315988 2786 3277
0.234498429306 11794 13107 0.402795114687 2777 3277
0.233976786291 11816 13107 0.381721263207 2829 3277
0.230026203156 11842 13107 0.375026243245 2830 3277
0.226171526217 11917 13107 0.430218643463 2804 3277
0.220183207702 11907 13107 0.331366275667 2882 3277
0.221098874304 11886 13107 0.358511964528 2872 3277
0.20898731892 12024 13107 0.724271066789 2706 3277
0.207754364016 11997 13107 0.372359368472 2853 3277
0.20994586906 11996 13107 0.453743383946 2811 3277
0.201014571457 11998 13107 0.327436276985 2918 3277
0.205490625682 12037 13107 0.317787428557 2914 3277
0.198405641847 12072 13107 0.323068184463 2899 3277
0.198788529643 12045 13107 0.398900278515 2850 3277
0.196022811333 12039 13107 0.313481751523 2914 3277
0.189661696761 12110 13107 0.307923197826 2914 3277
0.200315437726 12070 13107 0.529656254191 2821 3277
0.184913554541 12139 13107 0.347161403997 2891 3277
0.181784933923 12179 13107 0.31217971652 2928 3277
0.17748330945 12196 13107 0.375655818488 2883 3277
0.181919923643 12140 13107 0.503705905654 2802 3277
0.176060991865 12177 13107 0.379302384713 2902 3277
